118
74
80
84
113
92
117
85
145
121
117
94
111
109
97
105
92
100
104
110
86
104
100
122
88
78
105
95
101
93
91
112
105
91
88
88
115
112
105
85
116
128
97
112
132
117
102
101
117
105
131
93
115
116
90
107
139
83
124
77
114
106
113
103
88
85
82
107
111
90
101
108
90
82
106
132
92
107
87
84
89
71
115
78
78
113
74
126
107
97
75
77
116
108
92
102
101
79
92
112
87
92
74
118
103
129
129
81
92
97
114
78
88
90
108
115
82
125
97
103
117
112
110
119
99
91
134
95
96
101
96
113
100
114
75
100
102
87
97
96
91
107
86
92
96
101
86
97
122
99
80
97
101
116
102
92
104
94
113
111
113
101
93
102
115
95
110
81
103
104
103
91
86
117
113
92
107
97
126
114
109
103
119
105
108
111
88
81
92
114
86
79
91
128
95
72
124
124
126
103
