0.569
0.559
0.52
0.524
0.484
0.501
0.472
0.504
0.5
0.492
0.504
0.506
0.505
0.476
0.474
0.498
0.48
0.46
0.506
0.522
0.487
0.463
0.577
0.487
0.513
0.457
0.516
0.439
0.443
0.489
0.512
0.491
0.46
0.462
0.481
0.504
0.478
0.488
0.44
0.541
0.49
0.488
0.551
0.525
0.507
0.53
0.486
0.515
0.49
0.524
0.492
0.485
0.499
0.547
0.522
0.489
0.523
0.477
0.502
0.482
0.535
0.492
0.521
0.507
0.496
0.506
0.502
0.465
0.537
0.541
0.53
0.483
0.442
0.501
0.518
0.508
0.529
0.515
0.515
0.533
0.511
0.459
0.454
0.541
0.511
0.514
0.477
0.511
0.502
0.463
0.551
0.522
0.49
0.44
0.481
0.463
0.541
0.481
0.538
0.508
0.507
0.485
0.512
0.533
0.458
0.488
0.543
0.524
0.492
0.47
0.51
0.516
0.473
0.465
0.463
0.515
0.507
0.469
0.508
0.43
0.47
0.472
0.495
0.528
0.526
0.523
0.503
0.521
0.497
0.441
0.513
0.499
0.506
0.505
0.522
0.527
0.497
0.488
0.46
0.502
0.472
0.483
0.457
0.492
0.468
0.524
0.527
0.474
0.533
0.508
0.535
0.508
0.502
0.476
0.525
0.505
0.492
0.466
0.534
0.536
0.527
0.536
0.483
0.52
0.472
0.537
0.525
0.468
0.471
0.503
0.474
0.517
0.499
0.502
0.492
0.477
0.536
0.525
0.477
0.464
0.475
0.529
0.424
0.483
0.495
0.51
0.515
0.528
0.471
0.536
0.504
0.474
0.472
0.498
0.44
0.531
0.497
0.52
0.479
0.517
